4 3 16 1 9 1 16 1 9 1 17 1 16 1 12 1 9 1 12 1 2 1 12 1 14 1 16 5
16 1 9 1 16 1 9 1 19 1 17 1 16 1 14 1 7 1 5 1 11 1 14 1 17 1 16 1 14 1 12 1
14 1 5 1 14 1 5 1 16 1 14 1 12 1 14 1 16 3 9 3 8 3
9 1 4 1 14 1 5 1 14 1 5 1 16 1 14 1 12 1 11 1 9 5 11 5
12 1 2 1 12 1 2 1 16 1 14 1 12 1 11 1 9 4 16 1 21 5
25 1 16 0 14 0 17 1 16 1 11 2 12 0 14 4 12 0 14 0 11 1 9 0 8 0 11 1 9 4 
25 1 16 0 14 0 19 1 17 1 11 2 12 0 14 4 2 0 4 0 5 1 5 0 7 0 9 1 11 0 12 0 15 3
4 3 16 1 9 1 16 1 9 1 17 1 16 1 12 1 9 1 12 1 2 1 12 1 14 1 16 5
16 1 9 1 16 1 9 1 19 1 17 1 16 1 14 1 7 1 5 1 11 1 14 1 17 1 16 1 14 1 12 1
14 1 5 1 14 1 5 1 16 1 14 1 12 1 14 1 16 3 9 3 8 3
9 1 4 1 14 1 5 1 14 1 5 1 16 1 14 1 12 1 11 1 9 5 11 5
12 1 2 1 12 1 2 1 16 1 14 1 12 1 11 1 9 4 16 1 21 5
25 1 16 0 14 0 17 1 16 1 11 2 12 0 14 4 12 0 14 0 11 1 9 0 8 0 11 1 9 4 
25 1 16 0 14 0 19 1 17 1 11 2 12 0 14 4 2 0 4 0 5 1 5 0 7 0 9 1 11 0 12 0 15 3