12 3 10 3 15 4 13 1 12 1 15 1 20 1 22 1
15 4 16 1 17 3 10 2 15 0 15 3 9 3
15 3 12 0 10 0 8 0 7 0 10 3 9 3
12 3 10 3 15 4 13 1 12 1 15 1 20 1 22 1
15 4 16 1 17 3 10 2 15 0 15 3 9 3
15 3 12 0 10 0 8 0 7 0 10 3 9 3
12 3 12 0 20 0 19 0 17 0 
24 3 24 0 20 0 19 0 17 0
12 3 12 0 20 0 19 0 17 0 15 1 14 3 17 1 15 3
12 3 10 3 15 4 13 1 12 1 15 1 20 1 22 1
15 4 16 1 17 3 10 2 15 0 15 3 9 3
15 3 12 0 10 0 8 0 7 0 10 3 9 3
12 3 10 3 15 4 13 1 12 1 15 1 20 1 22 1
15 4 16 1 17 3 10 2 15 0 15 3 9 3
15 3 12 0 10 0 8 0 7 0 10 3 9 3
12 3 12 0 20 0 19 0 17 0 
24 3 24 0 20 0 19 0 17 0
12 3 12 0 20 0 19 0 17 0 15 1 14 3 17 1 15 3