16 1 18 1 18 1 20 1 20 5 18 1 16 1 18 1 23 1 23 5 21 1 20 1 16 3 13 5 
4 1 6 1 6 1 8 1 8 5 9 0 8 0 6 0 4 0 6 1 11 1 11 5 8 1 11 1 13 5 11 5 6 6 
4 1 11 1 16 1 16 3 11 1 4 3 4 1 11 1 16 1 16 3 11 1 4 3 4 1 11 1 16 1 16 3 11 1 4 3 4 1 11 1 16 3 16 3 15 3 
16 4 4 1 4 3 4 3 3 3 4 5 4 1 3 1 4 5 25 1 6 1 8 5 6 5 
4 4 4 1 4 3 4 3 3 3 4 5 4 3 
16 4 16 1 16 3 16 3 15 3 16 5 16 1 15 1 16 5 25 1 18 1 20 5 18 5
16 4 16 1 16 3 16 3 15 3 16 6 16 3 11 5 
13 3 15 3 16 7 18 6 11 3 23 5 21 3 20 1 18 1 18 5 20 3 21 3 20 5 18 3 16 3 13 3 15 5 25 1 15 1 13 7 
16 7 18 6 11 3 23 5 21 3 20 1 18 1 18 5 20 3 21 3 20 5 18 3 16 3 15 3 16 5 15 3 15 3 16 5 18 3 20 5 18 5 16 7 
4 1 6 1 6 1 8 1 8 5 9 0 8 0 6 0 4 0 6 1 11 1 11 5 8 1 11 1 13 5 11 5 6 6 
4 1 11 1 16 1 16 3 11 1 4 3 4 1 11 1 16 1 16 3 11 1 4 3 4 1 11 1 16 1 16 3 11 1 4 3 4 1 11 1 16 3 16 3 15 3 
16 4 4 1 4 3 4 3 3 3 4 5 4 1 3 1 4 5 25 1 6 1 8 5 6 5 
4 4 4 1 4 3 4 3 3 3 4 5 4 3 
16 4 16 1 16 3 16 3 15 3 16 5 16 1 15 1 16 5 25 1 18 1 20 5 18 5
16 4 16 1 16 3 16 3 15 3 16 6 16 3 11 5 
13 3 15 3 16 7 18 6 11 3 23 5 21 3 20 1 18 1 18 5 20 3 21 3 20 5 18 3 16 3 13 3 15 5 25 1 15 1 13 7 
16 7 18 6 11 3 23 5 21 3 20 1 18 1 18 5 20 3 21 3 20 5 18 3 16 3 15 3 16 5 15 3 15 3 16 5 18 3 20 5 18 5 16 7 