15 1 13 1 15 2 17 0 17 1 8 1 25 1 17 1 15 1 13 1 15 1 17 1 20 3 
22 1 17 3 20 1 18 1 17 1 20 1 15 3 17 1 18 2 20 0 18 1 17 1 20 1 15 4
15 1 13 1 15 2 17 0 17 1 8 1 25 1 17 1 15 1 13 1 15 1 17 1 20 3 
22 1 17 3 20 1 18 1 17 1 20 1 15 3 17 1 18 2 20 0 18 1 17 1 20 1 15 4
15 3 15 3 15 1 1 1 5 1 8 1 10 3 10 3 10 1 0 4 
13 4 12 1 10 1 8 1 1 1 5 1 8 0 5 0 8 4 
15 3 15 3 15 1 1 1 5 1 8 1 10 3 10 3 10 1 0 4
5 0 6 0 8 3 8 1 8 1 6 1 10 1 8 5 
3 1 5 1 8 1 5 1 3 1 1 3 
15 1 13 1 15 2 17 0 17 1 8 1 25 1 17 1 15 1 13 1 15 1 17 1 20 3 
22 1 17 3 20 1 18 1 17 1 20 1 15 3 17 1 18 2 20 0 18 1 17 1 20 1 15 4
15 1 13 1 15 2 17 0 17 1 8 1 25 1 17 1 15 1 13 1 15 1 17 1 20 3 
22 1 17 3 20 1 18 1 17 1 20 1 15 3 17 1 18 2 20 0 18 1 17 1 20 1 15 4
15 3 15 3 15 1 1 1 5 1 8 1 10 3 10 3 10 1 0 4 
13 4 12 1 10 1 8 1 1 1 5 1 8 0 5 0 8 4 
15 3 15 3 15 1 1 1 5 1 8 1 10 3 10 3 10 1 0 4
5 0 6 0 8 3 8 1 8 1 6 1 10 1 8 5 
3 1 5 1 8 1 5 1 3 1 1 3 