25 0 2 0 3 0 2 0 3 0 2 0 3 0 2 0 25 0 2 0 3 0 2 0 3 0 2 0 3 0 2 0
14 5 17 1 15 2 14 0 7 5 14 1 17 2 15 0 15 5 17 1 15 2 14 0 7 5 
14 1 15 2 17 0 19 5 17 1 15 2 14 0 7 5 14 1 17 2 15 0 15 5 17 1 15 2 14 0 7 7 
25 0 2 0 3 0 2 0 7 1 10 1 14 0 2 0 3 0 2 0 7 1 10 1 15 0 3 0 5 0 3 0 7 1 12 1 15 0 5 0 7 0 5 0 12 1 15 0 14 0 14 5
25 0 2 0 5 0 10 0 17 4 14 0 12 0 12 3 9 0 12 0 10 0 10 3 7 0 10 0 9 0 
9 0 2 0 3 0 2 0 3 0 2 0 3 0 2 0 25 0 2 0 3 0 2 0 3 0 2 0 3 0 2 0
14 5 22 1 21 2 19 0 14 5 19 1 17 2 10 0 12 5 12 0 12 0 14 0 14 0 15 0 15 0 17 0 17 0 17 0 19 0 19 4 19 0 19 0 21 0 21 0 22 0 22 0 24 0 24 0  
14 5 17 1 15 2 14 0 7 5 14 1 17 2 15 0 15 5 17 1 15 2 14 0 7 5 
14 1 15 2 17 0 19 5 17 1 15 2 14 0 7 5 14 1 17 2 15 0 15 5 17 1 15 2 14 0 7 7 
14 5 17 1 15 2 14 0 7 5 14 1 17 2 15 0 15 5 17 1 15 2 14 0 7 5 
14 1 15 2 17 0 19 5 17 1 15 2 14 0 7 5 14 1 17 2 15 0 15 5 17 1 15 2 14 0 7 7 
14 5 17 1 15 2 14 0 7 5 14 1 17 2 15 0 15 5 17 1 15 2 14 0 7 5 
14 1 15 2 17 0 19 5 17 1 15 2 14 0 7 5 14 1 17 2 15 0 15 5 17 1 15 2 14 0 7 7 