16 3 13 3 11 0 9 5 16 0 16 0 13 3 11 0 9 0 
16 3 13 3 11 0 9 5 16 0 16 0 13 3 11 0 9 0 16 3 13 3 11 0 9 0 18 3 11 0 13 0 9 3 
9 1 25 1 11 0 9 0 6 3 9 3 
6 0 9 0 6 0 11 0 9 0 11 0 13 0 11 0 13 3 25 1 
16 3 13 3 16 0 18 0 16 0 16 0 16 3 16 0 14 0 13 3 
13 0 13 0 6 0 9 3 9 3 9 0 6 0 
9 0 11 0 9 0 11 0 11 0 9 0 11 0 13 3  
4 0 11 0 13 0 13 0 13 3 11 0 9 0 11 3 11 0 9 0 11 0 9 0 9 2 11 0 9 0 11 0 9 0 11 2 9 0 11 0 9 0 11 0 9 0 9 0 8 0 
11 0 13 0 13 0 13 0 13 2 11 0 11 0 9 0 11 0 9 0 11 0 9 0 11 0 13 0 6 3 
25 0 9 0 11 0 9 0 11 3 13 3 
4 0 9 0 9 0 9 3 9 0 8 0 8 3 6 3 8 8 8 8 9 8 6 3 
4 0 6 0 6 0 8 0 9 0 4 0 1 0 9 0 8 0 6 3 25 1 8 0 9 0 6 0 6 0 
9 3 13 3 13 3 13 0 11 0 13 0 25 0 16 3 13 3 11 3 14 0 13 0 11 0 9 0 13 0 11 0 13 3 
11 0 13 0 11 0 9 0 6 3 
9 8 9 8 9 8 9 4 4 1 4 4 6 1 4 0 4 0 6 0 4 0 6 3 
21 8 21 8 21 8 21 4 16 1 16 4 16 1 16 0 14 0 13 0 11 0 9 0  
4 0 11 0 13 0 13 0 13 3 11 0 9 0 11 3 11 0 9 0 11 0 9 0 9 2 11 0 9 0 11 0 9 0 11 2 9 0 11 0 9 0 11 0 9 0 9 0 8 0 
11 0 13 0 13 0 13 0 13 2 11 0 11 0 9 0 11 0 9 0 11 0 9 0 11 0 13 0 6 3 
25 0 9 0 11 0 9 0 11 3 13 3 
4 0 9 0 9 0 9 3 9 0 8 0 8 3 6 3 8 8 8 8 9 8 6 3 
4 0 6 0 6 0 8 0 9 0 4 0 1 0 9 0 8 0 6 3 25 1 8 0 9 0 6 0 6 0 
9 3 13 3 13 3 13 0 11 0 13 0 25 0 16 3 13 3 11 3 14 0 13 0 11 0 9 0 13 0 11 0 13 3 
11 0 13 0 11 0 9 0 6 3 
9 8 9 8 9 8 9 4 4 1 4 4 6 1 4 0 4 0 6 0 4 0 6 3 
21 8 21 8 21 8 21 4 16 1 16 4 16 1 16 0 14 0 13 0 11 0 9 0  