12 4 10 1 12 3 15 5 12 3 15 3 20 3 17 3 15 3 10 1 12 1 13 5 15 5
8 1 10 1 12 3 10 3 12 3 15 5 12 3 15 3
8 0 8 3 10 1 12 5 25 5 12 3 10 1 8 1 10 3 8 1 10 3 15 1 12 3 
12 1 10 3 7 1 8 4 25 3 8 1 10 1 12 3 13 3 15 3 12 3 12 3 10 7
8 0 8 3 10 1 12 5 25 5 12 3 10 1 8 1 10 3 8 1 10 3 15 1 12 3 
7 1 8 3 8 3 10 3 12 3 13 3 15 3 12 3 8 1 12 3 10 5 
8 1 10 1 9 3 9 3 9 3 10 5 9 3 7 3 5 3 12 3 12 3 14 3 12 5 
10 1 12 1 13 3 13 3 13 3 13 1 15 4 13 3 12 3 10 3 10 3 10 3 12 3 10 5 
12 4 10 1 12 3 15 5 12 3 15 3 20 3 17 3 15 3 10 1 12 1 13 5 15 5
8 1 10 1 12 3 10 3 12 3 15 5 12 3 15 3
8 0 8 3 10 1 12 5 25 5 12 3 10 1 8 1 10 3 8 1 10 3 15 1 12 3 
12 1 10 3 7 1 8 4 25 3 8 1 10 1 12 3 13 3 15 3 12 3 12 3 10 7
8 0 8 3 10 1 12 5 25 5 12 3 10 1 8 1 10 3 8 1 10 3 15 1 12 3 
7 1 8 3 8 3 10 3 12 3 13 3 15 3 12 3 8 1 12 3 10 5 
8 1 10 1 9 3 9 3 9 3 10 5 9 3 7 3 5 3 12 3 12 3 14 3 12 5 
10 1 12 1 13 3 13 3 13 3 13 1 15 4 13 3 12 3 10 3 10 3 10 3 12 3 10 5 