16 4 16 3 14 3 9 1 16 1 16 1 18 1 14 4
11 1 11 1 16 1 16 1 18 1 14 4 11 1 13 1 14 1 13 1 11 5
18 4 16 5 11 1 18 1 19 1 18 1 16 5 14 0 13 0 14 0 13 0 13 3 14 3 13 3 9 3
16 4 16 3 14 3 9 1 16 1 16 1 18 1 14 4
11 1 11 1 16 1 16 1 18 1 14 4 11 1 13 1 14 1 13 1 11 5
18 4 16 5 11 1 18 1 19 1 18 1 16 5 14 0 13 0 14 0 13 0 13 3 14 3 13 3 9 3
9 5 21 5 9 5 9 1 11 1 13 1 14 1 16 3 14 3 11 5
21 1 18 1 14 1 11 1 8 5 
23 1 19 1 16 1 13 1 9 5 
7 1 6 1 4 1 2 1 16 3 16 1 14 3 14 1 21 4 18 1 16 0 14 1 
16 1 16 1 16 1 14 1 14 3 23 1 23 3 18 3 16 3 14 3 
18 1 11 0 14 0 16 3 18 1 18 1 18 1 11 0 14 0 16 0 
13 1 14 1 13 1 14 1 13 1 14 3 13 1 14 1 13 1 13 1 11 1 9 1
16 4 16 3 14 3 9 1 16 1 16 1 18 1 14 4
11 1 11 1 16 1 16 1 18 1 14 4 11 1 13 1 14 1 13 1 11 5
18 4 16 5 11 1 18 1 19 1 18 1 16 5 14 0 13 0 14 0 13 0 13 3 14 3 13 3 9 3
16 4 16 3 14 3 9 1 16 1 16 1 18 1 14 4
11 1 11 1 16 1 16 1 18 1 14 4 11 1 13 1 14 1 13 1 11 5
18 4 16 5 11 1 18 1 19 1 18 1 16 5 14 0 13 0 14 0 13 0 13 3 14 3 13 3 9 3
9 5 21 5 9 5 9 1 11 1 13 1 14 1 16 3 14 3 11 5
21 1 18 1 14 1 11 1 8 5 
23 1 19 1 16 1 13 1 9 5  