3 0 8 0 10 0 10 1 12 1 12 5 12 0 8 0 10 0 12 0 10 1 15 1 15 5 25 0 15 0 17 0 19 0 19 1 20 1 20 4 22 1 24 8 22 8 20 8 19 5 
25 1 20 1 19 1 15 1 15 1 17 1 17 5 15 0 13 0 13 1 15 1 15 5 8 0 10 0 12 1 13 1 13 5 15 1 13 1 12 5 20 1
3 1 8 1 10 1 10 1 12 1 12 5 12 0 8 0 10 0 12 0 10 1 15 1 15 5 25 0 15 0 17 0 19 0 19 1 20 1 20 4 22 1 24 8 22 8 20 8 19 5   
25 1 20 1 19 1 15 1 15 1 17 1 17 5 15 0 13 0 13 1 15 1 15 5 8 0 10 0 12 1 13 3 5 1 8 3 7 3 8 5
8 1 12 1 15 1 17 5 8 1 7 1 8 1 17 1 15 5 8 1 7 1 8 1 15 1 15 1 13 1 13 1 12 1 12 1 10 1 10 1 8 1 10 1 12 1 12 3 
8 1 12 1 15 1 17 5 25 1 19 1 19 1 17 1 15 4 12 0 13 0 15 3 13 1 12 1 13 3 15 3 17 2 19 0 19 1 20 1 24 5 
3 0 8 0 10 0 10 1 12 1 12 5 12 0 8 0 10 0 12 0 10 1 15 1 15 5 25 0 15 0 17 0 19 0 19 1 20 1 20 4 22 1 24 8 22 8 20 8 19 5 
25 1 20 1 19 1 15 1 15 1 17 1 17 5 15 0 13 0 13 1 15 1 15 5 8 0 10 0 12 1 13 1 13 5 15 1 13 1 12 5 20 1
3 1 8 1 10 1 10 1 12 1 12 5 12 0 8 0 10 0 12 0 10 1 15 1 15 5 25 0 15 0 17 0 19 0 19 1 20 1 20 4 22 1 24 8 22 8 20 8 19 5   
25 1 20 1 19 1 15 1 15 1 17 1 17 5 15 0 13 0 13 1 15 1 15 5 8 0 10 0 12 1 13 3 5 1 8 3 7 3 8 5
8 1 12 1 15 1 17 5 8 1 7 1 8 1 17 1 15 5 8 1 7 1 8 1 15 1 15 1 13 1 13 1 12 1 12 1 10 1 10 1 8 1 10 1 12 1 12 3 
