12 6 11 1 12 1 16 6 14 3 12 7 
14 4 16 0 14 0 12 1 11 1 9 1 11 1 12 6
16 3 16 4 14 0 12 0 11 1 9 1 16 1 18 1 16 5 15 4
11 1 14 4 12 1 11 8 14 8 15 8 17 8 14 8 11 8 12 6
16 1 14 1 14 4 11 1 9 8 13 8 16 8 19 8 16 8 13 8 14 5 14 8 9 8 11 8 12 8 11 8 9 8 7 6
7 3 14 4 14 1 14 2 13 0 14 2 16 0 14 2 16 0 12 5
12 3 14 4 14 1 14 8 13 8 14 8 17 8 16 8 14 8 12 6
12 3 14 4 14 1 16 2 16 0 16 8 14 8 16 8 19 3 17 5
9 3 16 4 14 1 12 8 11 8 12 8 15 8 14 8 12 8 14 7
12 6 11 1 12 1 16 6 14 3 12 7 
14 4 16 0 14 0 12 1 11 1 9 1 11 1 12 6
16 3 16 4 14 0 12 0 11 1 9 1 16 1 18 1 16 5 15 4
11 1 14 4 12 1 11 8 14 8 15 8 17 8 14 8 11 8 12 6
16 1 14 1 14 4 11 1 9 8 13 8 16 8 19 8 16 8 13 8 14 5 14 8 9 8 11 8 12 8 11 8 9 8 7 6
7 3 14 4 14 1 14 2 13 0 14 2 16 0 14 2 16 0 12 5
12 3 14 4 14 1 14 8 13 8 14 8 17 8 16 8 14 8 12 6
12 3 14 4 14 1 16 2 16 0 16 8 14 8 16 8 19 3 17 5
9 3 16 4 14 1 12 8 11 8 12 8 15 8 14 8 12 8 14 7