11 1 16 1 15 0 16 0 18 3 20 0 20 0 18 0 20 3 
9 0 9 0 8 0 13 4 11 1 9 0 8 0 3 0 4 0 6 3 8 0 8 0 6 0 4 3 
8 0 9 0 6 0 8 0 9 0 11 0 8 0 9 0 13 0 6 0 8 0 6 0 8 0 6 0 11 3
8 0 3 0 4 0 6 3 8 0 8 0 6 0 8 3 9 0 9 0 8 0 13 4 11 1 9 0 8 0 3 0 4 0 6 3 8 0 8 0 6 0 4 0 
11 0 13 0 13 0 11 0 9 0 11 0 8 0 9 0 15 0 16 0 16 0 15 0 13 0 15 0 11 0 13 0 
16 0 18 0 15 0 16 0 18 0 20 0 16 0 18 0 20 3 
20 0 18 0 16 0 13 0 15 3 16 0 15 0 13 0 8 0 11 3 13 0 11 0 9 0 4 0 8 5
16 0 15 0 16 0 11 0 15 0 13 0 15 0 8 0 11 0 10 0 13 0 6 0 8 0 6 0 8 0 6 0 
16 0 15 0 16 0 11 0 15 0 13 0 15 0 8 0 11 0 10 0 13 0 6 0 8 0 6 0 8 0 6 0 
18 0 16 0 18 0 13 0 16 0 15 0 16 0 10 0 13 0 12 0 15 0 8 0 6 0 4 0 6 0 4 0 
18 0 16 0 18 0 13 0 16 0 15 0 16 0 10 0 13 0 12 0 15 0 8 0 9 0 8 0 9 0 8 0
11 1 16 1 15 0 16 0 18 3 20 0 20 0 18 0 20 3 
9 0 9 0 8 0 13 4 11 1 9 0 8 0 3 0 4 0 6 3 8 0 8 0 6 0 4 3 
8 0 9 0 6 0 8 0 9 0 11 0 8 0 9 0 13 0 6 0 8 0 6 0 8 0 6 0 11 3
8 0 3 0 4 0 6 3 8 0 8 0 6 0 8 3 9 0 9 0 8 0 13 4 11 1 9 0 8 0 3 0 4 0 6 3 8 0 8 0 6 0 4 0 
11 0 13 0 13 0 11 0 9 0 11 0 8 0 9 0 15 0 16 0 16 0 15 0 13 0 15 0 11 0 13 0 
16 0 18 0 15 0 16 0 18 0 20 0 16 0 18 0 20 3 
20 0 18 0 16 0 13 0 15 3 16 0 15 0 13 0 8 0 11 3 13 0 11 0 9 0 4 0 8 5