15 2 15 0 14 2 14 0 12 2 12 0 10 2 10 0 8 2 8 0 7 2 7 0 5 2 5 0 3 5
25 8 10 8 15 8 7 8 10 8 15 8 19 4 17 1 14 2 15 0 15 8 13 8 12 8 12 5
25 8 2 8 5 8 11 8 14 8 17 8 14 4 12 1 12 2 10 0 10 8 8 8 7 8 7 5
25 8 10 8 15 8 7 8 10 8 15 8 19 4 17 1 14 2 15 0 15 8 13 8 12 8 12 5
25 8 2 8 5 8 9 8 14 8 17 8 25 8 7 8 10 8 15 8 19 8 22 8 
25 1 10 1 7 1 10 1 19 5 17 1 17 2 15 0 15 8 14 8 12 8 12 3
25 1 14 1 17 1 9 1 14 4 12 1 12 2 10 0 10 8 8 8 7 8 7 3
25 1 10 1 7 1 10 1 19 5 17 1 17 2 15 0 15 8 14 8 12 8 12 3
15 2 15 0 14 2 14 0 12 2 12 0 10 2 10 0 8 2 8 0 7 2 7 0 5 2 5 0 3 5
25 8 10 8 15 8 7 8 10 8 15 8 19 4 17 1 14 2 15 0 15 8 13 8 12 8 12 5
25 8 2 8 5 8 11 8 14 8 17 8 14 4 12 1 12 2 10 0 10 8 8 8 7 8 7 5
25 8 10 8 15 8 7 8 10 8 15 8 19 4 17 1 14 2 15 0 15 8 13 8 12 8 12 5
25 8 2 8 5 8 9 8 14 8 17 8 25 8 7 8 10 8 15 8 19 8 22 8 
25 1 10 1 7 1 10 1 19 5 17 1 17 2 15 0 15 8 14 8 12 8 12 3
25 1 14 1 17 1 9 1 14 4 12 1 12 2 10 0 10 8 8 8 7 8 7 3
25 1 10 1 7 1 10 1 19 5 17 1 17 2 15 0 15 8 14 8 12 8 12 3