13 1 11 1 14 5 13 1 11 1 21 5 9 2 11 0 11 2 16 0 16 3 14 3 9 3 8 3 
13 1 11 1 14 5 13 1 11 1 21 5 13 2 15 0 15 2 16 0 16 3 6 3 9 3 8 3 
13 1 11 1 14 5 13 1 11 1 21 5 9 2 11 0 11 2 16 0 16 3 14 3 9 3 8 3 
13 1 11 1 14 5 13 1 11 1 21 5 13 2 15 0 15 2 16 0 16 1 13 1 3 1 9 1 9 3 8 3 
4 3 6 3 4 3 4 3 6 3 4 3 4 3 11 3 9 3 8 3 9 3 4 3 
9 3 11 3 9 3 9 3 12 3 9 3 9 3 18 3 12 4 9 1 8 5 6 1 4 1
8 5 9 3 10 5 8 1 6 1 11 5 12 3 13 5 11 1 9 1 14 3 13 3 11 3 21 5 
9 3 8 3 6 3 4 1 2 1 1 5 
9 3 7 3 5 3 4 1 2 1 0 3 
20 1 21 1 18 5 20 1 21 1 11 5 
11 2 13 0 13 2 14 0 14 1 13 1 14 1 8 1 8 3 9 3 
9 3 11 3 9 3 9 3 11 3 9 3 9 3 14 3 13 4 11 1 8 3 9 3 
9 3 11 3 9 3 9 3 11 3 9 3 9 3 18 3 14 4 11 1 8 3 9 3 
13 4 18 1 16 3 15 3 13 3 11 1 14 1 20 1 18 1 11 3
9 1 13 1 18 1 16 1 9 1 8 1 16 1 14 1 11 1 8 1 
13 1 21 1 20 3 18 3 16 3 9 1 13 1 16 1 14 1 13 3 6 1 8 1 9 1 6 1 5 3 8 3   